24
28
26
30
32
36
40
42
44
46
48
50
52
54
56
58
60
62
64
62
68
70
72
74
76
74
78
80
82
84
86
88
90
92
94
96
94
98
100
102
104
102
106
108
110
112
112
112
114
115
117
119
120
120
121
123
123
124
124
126
125
127
128
127
129
131
131
132
135
135
135
135
137
139
140
140
142
142
143
143
143
145
147
147
147
148
150
151
152
152
152
153
155
156
156
158
158
158
159
159
159
159
161
163
163
163
164
166
167
167
167
168
169
169
171
172
172
172
174
174
175
175
176
176
176
177
177
179
179
179
180
181
182
182
183
184
184
184
184
185
185
185
187
187
188
188
188
188
188
190
192
190
192
192
192
193
193
195
195
195
195
196
196
198
199
198
199
199
199
199
199
199
200
200
201
201
201
201
203
203
203
203
203
203
204
204
204
204
204
204
204
204
204
204
205
205
206
204
204
203
203
203
201
201
200
200
199
198
198
197
197
197
196
195
195
195
194
193
192
192
191
191
190
190
189
188
188
187
186
185
184
183
182
180
179
177
176
175
173
172
171
170
168
167
166
165
164
163
161
160
159
158
157
157
155
154
153
151
151
149
149
148
147
147
146
145
144
143
142
142
140
139
138
137
136
135
134
134
134
134
132
131
130
129
127
127
125
124
123
122
121
119
115
113
111
110
109
108
106
105
104
101
101
99
99
97
96
95
95
95
93
91
90
89
89
87
86
85
84
83
82
81
80
79
78
77
76
75
76
74
76
74
72
74
72
70
72
70
68
70
68
66
68
66
64
66
64
62
64
62
60
62
60
58
60
58
56
58
56
54
56
54
52
54
52
50
52
50
48
50
48
46
48
46
44
46
44
42
44